1 44 124 146 110 1.7492
2 57 68 227 170 1.7627
3 19 84 186 140 2.0299
5 85 92 154 115 0.0838
6 114 138 120 90 2.3818
7 9 102 186 140 0.1550
9 62 124 177 133 0.7436
10 48 240 120 90 0.6702
10 0 120 120 90 0.5680
11 83 48 238 178 1.8724
11 226 95 146 109 0.1872
11 40 56 161 121 0.1846
12 48 240 120 90 2.3423
12 33 318 132 99 0.3154
13 96 132 120 90 1.7635
15 25 93 169 127 1.3960
16 40 133 133 99 2.0010
18 41 41 276 207 1.4884
19 43 97 216 162 1.2987
20 18 106 177 133 1.2705
20 226 32 215 161 0.3701
22 22 151 216 162 1.4784
23 201 249 161 121 2.6580
23 15 73 146 110 2.2466
23 8 260 153 115 1.8622
23 207 69 153 115 1.7022
24 34 110 169 127 2.5274
25 36 47 237 178 0.5058
25 195 107 126 94 0.4477
26 9 47 187 140 0.4119
26 144 84 120 90 0.2643
27 19 290 126 95 1.6214
27 6 132 120 90 0.9104
27 245 77 153 115 0.2662
28 54 198 120 90 2.2969
28 6 44 126 95 1.3047
28 48 324 120 90 0.9375
29 6 113 126 94 2.3350
31 36 36 237 178 1.1205
31 180 69 139 104 0.5577
32 101 59 169 127 2.0323
33 82 103 205 154 1.1744
34 114 162 120 90 1.6406
35 38 170 126 94 2.7505
35 114 54 120 90 2.0198
37 28 139 139 104 1.9304
38 256 322 146 110 0.6820
38 108 240 120 90 0.4884
39 55 55 276 207 2.9461
41 6 96 120 90 2.2199
41 120 54 120 90 0.1047
42 22 97 216 162 0.7042
44 48 71 238 178 2.1895
44 0 93 169 127 0.2157
45 13 251 132 99 1.7424
46 48 192 120 90 2.3679
47 75 63 250 188 1.9014
48 36 102 120 90 2.0882
48 298 97 138 104 0.0102
49 36 186 120 90 2.2004
51 33 218 132 99 1.9598
52 6 126 120 90 1.8517
53 25 63 250 188 2.0077
54 66 144 120 90 1.9677
55 46 146 132 99 1.3454
55 204 146 146 109 0.3150
56 16 185 161 121 2.1470
56 107 92 153 115 0.1207
57 8 84 169 127 2.4498
58 19 139 126 95 1.9841
58 18 18 120 90 1.8054
58 18 246 120 90 1.3493
58 18 324 120 90 0.4273
59 18 168 120 90 1.7493
59 36 36 120 90 0.5796
60 60 162 120 90 1.6353
61 38 50 250 188 0.7167
61 222 108 120 90 0.0760
62 56 88 161 121 1.9748
63 31 46 153 115 1.6809
63 255 211 146 109 1.2003
63 44 204 146 109 1.1946
63 252 31 153 115 1.1311
64 96 144 120 90 2.3751
64 300 0 120 90 0.1354
65 48 59 238 178 1.5674
66 47 65 186 140 1.1387
67 25 25 251 188 2.6023
67 56 261 186 140 2.0833
69 6 60 120 90 1.7861
69 24 300 120 90 1.7784
70 30 210 120 90 1.1998
70 189 164 126 94 0.3210
71 29 87 146 109 1.1482
72 71 133 177 133 1.2441
72 36 18 120 90 0.1028
73 34 118 169 127 1.7041
75 46 199 153 115 0.8118
76 32 104 161 121 2.2718
77 0 48 120 90 0.1922
78 21 125 138 104 1.6168
80 68 225 196 147 2.1689
81 258 162 120 90 1.1402
82 230 115 153 115 0.6813
82 83 47 237 178 0.0600
84 6 96 120 90 2.2871
84 42 240 120 90 0.1337
84 54 161 153 115 0.0036
85 87 54 217 163 1.5984
86 34 93 170 127 2.2261
87 18 72 120 90 1.2392
87 174 168 120 90 0.0374
88 12 202 238 178 2.6324
89 113 72 161 121 0.7074
89 156 168 120 90 0.6710
90 92 82 205 154 2.2418
91 31 92 153 115 1.5451
92 76 125 138 104 1.9633
93 40 119 132 99 2.4876
94 151 283 126 94 0.5889
94 41 235 205 154 0.1922
95 31 107 126 94 2.1166
96 28 96 276 207 1.9765
97 13 92 263 198 2.0404
98 30 120 120 90 2.0521
99 30 66 120 90 1.1704
99 14 159 138 104 0.0477
100 202 236 139 104 2.5711
100 14 14 139 104 2.5462
100 36 324 120 90 2.3973
100 216 28 139 104 2.2194
100 14 174 139 104 1.6806
101 41 28 276 207 1.3964
102 6 150 120 90 1.9997
103 101 6 126 94 1.4716
103 31 151 126 94 1.4650
105 158 152 132 99 0.6399
105 10 82 205 154 0.3878
105 124 51 146 109 0.0813
106 22 80 146 109 2.0084
107 41 41 276 207 1.1941
107 227 97 216 162 0.0879
108 42 90 120 90 1.3660
109 18 80 177 133 1.2591
110 21 62 205 154 1.7784
111 32 43 215 161 2.7736
112 76 253 169 127 0.0911
113 25 113 126 94 2.1674
114 24 204 120 90 1.9166
114 78 78 120 90 0.6985
115 326 118 139 104 0.3913
115 334 76 126 94 0.1316
115 278 0 132 99 0.0722
116 18 12 120 90 2.0564
116 78 210 120 90 2.0242
117 71 48 238 179 1.3981
118 25 107 126 94 2.1647
119 12 114 120 90 0.1798
120 38 182 126 94 2.4111
121 14 138 138 104 2.1031
122 12 102 120 90 0.9512
123 89 195 177 133 2.2628
125 0 84 120 90 0.9572
125 150 240 120 90 0.5490
126 63 63 250 188 1.8297
127 60 198 120 90 2.2198
127 8 8 153 115 1.0374
128 24 36 120 90 1.2724
129 14 291 139 104 2.9054
129 8 61 153 115 2.6158
130 32 266 161 121 1.3516
131 177 177 126 95 0.0720
132 30 84 120 90 2.0079
132 8 184 153 115 1.4950
133 66 240 120 90 2.7170
133 32 120 126 95 1.8545
134 25 63 250 188 2.4037
134 208 126 126 94 0.3253
135 142 71 237 178 0.5083
135 76 59 169 127 0.3358
136 258 258 161 121 0.1394
136 259 27 133 99 0.0550
136 237 76 169 127 0.0497
139 344 463 132 99 0.2038
140 12 132 120 90 2.5519
140 12 258 120 90 0.7259
140 44 6 126 95 0.0363
141 11 161 215 161 1.4645
142 29 98 196 147 2.0641
143 66 26 262 197 1.6484
144 8 84 153 115 2.4308
146 38 192 153 115 1.8327
147 102 116 146 109 1.5529
148 59 160 169 127 2.0472
149 25 271 126 95 2.4277
150 12 102 120 90 1.8441
151 52 66 262 197 1.8847
151 27 106 177 133 0.2309
151 208 111 138 104 0.1841
153 98 166 196 147 2.7196
155 14 97 138 104 1.0957
156 18 276 120 90 2.2973
156 54 78 120 90 1.7059
157 113 45 227 170 2.3240
158 25 88 250 188 1.8752
158 185 16 161 121 0.1409
159 23 57 226 170 2.3187
160 79 45 227 170 0.3754
161 0 156 196 147 1.2845
162 11 140 216 162 2.1108
163 9 187 187 140 2.0686
164 0 146 146 109 1.2638
165 145 84 153 115 1.3456
165 294 162 120 90 0.2521
166 21 138 138 104 1.6699
167 53 26 132 99 2.2112
167 174 138 120 90 0.0115
168 7 194 139 104 2.8708
170 152 55 276 207 0.2078
172 62 62 249 186 2.2204
172 164 246 126 94 0.0005
174 75 38 250 188 1.2908
174 271 92 132 99 0.4549
175 124 117 146 110 0.1288
177 48 54 120 90 2.0577
177 18 312 120 90 1.4659
177 19 183 126 94 0.6318
178 31 145 207 155 1.5138
179 76 86 216 162 1.6346
181 6 198 120 90 1.2202
181 150 180 120 90 0.7310
182 63 38 250 188 0.4819
183 13 63 126 94 1.8128
185 0 38 250 188 2.2338
186 18 204 120 90 1.4752
187 138 69 138 104 2.1632
188 21 166 138 104 1.8581
189 44 88 146 110 1.8529
190 38 85 154 115 2.7495
191 30 66 120 90 2.6812
192 0 34 337 252 0.0497
193 51 278 169 127 2.2699
193 10 39 195 146 1.1336
193 18 312 120 90 0.1449
194 18 174 120 90 0.6894
196 35 139 139 104 1.9222
197 6 90 120 90 0.8547
198 29 186 196 147 1.7812
199 18 144 120 90 0.9676
200 36 42 120 90 1.8205
201 24 96 120 90 0.5839
202 177 101 169 127 2.1271
203 34 152 169 127 1.5416
205 73 172 132 99 1.8017
206 38 88 250 188 1.7213
206 185 139 132 99 0.6476
207 30 222 120 90 2.8863
207 102 72 120 90 0.5814
209 22 76 216 162 1.3500
210 25 75 250 188 1.7448
211 86 79 132 99 1.6065
211 44 277 126 94 1.2310
212 19 145 126 94 2.7586
213 25 126 126 94 2.4143
214 68 79 226 170 0.8057
215 28 69 276 207 1.6566
216 107 69 126 94 0.1071
217 27 115 177 133 2.5183
217 211 73 132 99 0.1883
218 36 60 120 90 1.5798
218 36 210 120 90 1.4960
219 13 195 126 94 1.1139
220 32 104 161 121 2.8679
221 23 57 227 170 2.9303
222 65 28 186 140 1.1509
223 12 102 120 90 1.8031
224 50 25 249 187 0.7104
224 21 69 139 104 0.2858
225 39 117 196 147 1.4622
226 52 39 262 197 0.9810
226 194 68 169 127 0.5278
227 71 95 238 178 1.1344
227 59 39 196 147 0.1919
228 73 125 132 99 2.4058
229 68 34 227 170 2.4293
230 26 52 262 197 1.4941
231 13 66 132 99 1.8561
232 25 135 169 127 1.3042
232 99 139 132 99 0.3975
232 119 0 132 99 0.2027
233 12 48 238 178 2.4486
234 24 83 238 178 1.8035
236 47 59 237 178 2.4646
237 13 132 126 94 1.8577
238 92 72 205 154 1.8527
239 6 282 120 90 2.4054
239 66 144 120 90 0.1569
240 32 54 216 162 0.8338
240 278 101 169 127 0.1830
241 211 119 132 99 1.7918
242 14 111 138 104 1.8021
243 12 246 120 90 2.3957
244 91 57 226 170 0.3975
244 229 111 139 104 0.1125
244 132 162 120 90 0.0051
245 13 94 126 94 0.7569
247 16 48 161 121 1.5488
247 95 189 146 109 1.1272
248 12 48 120 90 1.4057
249 60 36 120 90 1.7924
249 6 198 120 90 1.7669
249 82 321 126 95 0.7005
250 36 282 120 90 1.5617
250 6 78 120 90 0.9706
252 42 51 169 127 0.3025
253 108 324 120 90 0.7644
253 59 202 238 178 0.5842
253 103 21 205 154 0.1335
254 80 146 146 109 2.9889
255 6 108 120 90 2.3748
256 124 109 146 109 0.0848
256 176 151 126 94 0.0679
256 102 90 120 90 0.0362
257 38 123 153 115 2.7311
258 0 84 120 90 1.0005
258 0 270 120 90 0.8616
258 195 315 126 95 0.1539
258 93 0 186 140 0.1198
259 8 206 153 115 1.4968
259 15 22 146 109 0.2466
260 96 69 276 207 0.6027
260 168 204 120 90 0.3005
260 306 162 120 90 0.2305
261 31 157 126 94 2.9016
262 113 61 205 154 1.3589
262 232 84 186 139 0.5262
263 38 75 250 188 1.5062
264 7 238 132 99 1.9356
264 60 60 120 90 0.5519
265 66 120 120 90 0.6368
266 39 78 195 146 2.2572
267 57 68 227 170 2.5431
268 83 36 237 178 0.9797
269 0 71 177 133 1.6554
270 12 25 249 187 2.0285
270 37 242 186 140 1.0196
271 46 115 153 115 2.3134
272 28 118 138 104 2.1010
273 32 153 161 120 1.4725
273 174 114 120 90 0.5333
274 66 120 120 90 0.3069
275 0 78 120 90 1.6407
275 18 318 120 90 0.9252
275 114 265 126 95 0.2562
276 7 119 133 99 2.5584
277 42 282 120 90 0.7403
277 6 66 120 90 0.3396
278 76 86 216 162 1.9408
279 138 144 120 90 1.8158
280 31 195 126 94 1.9272
281 0 21 215 161 1.0673
281 72 234 120 90 0.7270
282 7 112 132 99 1.3094
283 35 124 177 133 1.7336
284 57 45 227 170 1.5046
285 0 147 196 147 2.2302
286 84 78 120 90 2.1388
286 22 195 217 162 1.8859
287 38 107 126 94 1.7599
289 78 18 120 90 2.0918
289 48 156 120 90 1.6869
290 23 125 227 170 1.8922
291 12 288 120 90 1.4859
291 0 60 120 90 0.5101
292 18 138 120 90 2.3753
293 79 68 227 170 0.9901
294 11 102 227 170 1.5952
295 239 27 177 133 1.9171
295 17 25 169 127 1.8738
295 22 211 146 109 1.3005
295 257 224 132 99 0.6804
296 37 58 146 110 2.4337
296 20 146 132 99 0.2331
296 6 309 126 95 0.0098
297 12 150 120 90 1.1709
298 10 236 205 154 1.5909
299 10 72 205 154 2.2507
300 31 103 205 154 2.1560
301 61 121 303 228 2.3081
302 199 122 153 115 1.5658
303 19 84 186 140 1.7294
305 12 108 120 90 1.3966
307 44 107 126 94 1.0704
308 12 168 120 90 2.0183
309 113 38 250 188 0.9476
312 6 252 120 90 1.8214
312 153 176 153 115 0.1984
313 34 186 169 127 2.1065
314 30 66 120 90 1.1363
315 59 83 238 178 1.2030
316 40 88 161 121 2.4375
317 6 114 120 90 2.2086
318 120 108 120 90 0.6165
319 24 144 120 90 2.4947
319 233 0 126 94 0.0650
320 36 47 237 178 1.8749
321 23 115 153 115 2.2570
322 41 41 276 207 1.6364
322 230 97 177 133 0.6198
322 53 133 177 133 0.5491
323 24 48 238 178 1.9693
323 176 94 126 94 0.1946
326 68 79 227 170 1.4691
327 102 78 120 90 1.1623
328 6 270 120 90 0.9500
328 0 78 120 90 0.9192
328 54 168 120 90 0.4191
329 18 150 120 90 2.8754
330 30 150 120 90 2.1724
331 0 38 126 95 2.4375
331 25 202 126 95 2.1221
332 51 61 205 154 1.2816
333 139 82 126 95 2.3887
334 36 192 120 90 1.3657
334 102 12 120 90 1.2600
335 124 109 146 109 2.4599
336 76 43 216 162 0.5021
336 191 99 132 99 0.2266
336 78 144 120 90 0.0399
337 24 126 120 90 0.9757
338 27 150 177 133 2.9780
339 93 291 132 99 1.7779
339 66 51 146 109 1.4761
340 51 80 146 109 0.0968
340 166 104 138 104 0.0741
341 12 114 120 90 1.7313
342 298 198 132 99 0.0857
343 71 48 238 178 1.4758
344 26 185 132 99 2.1394
345 216 132 120 90 0.4487
346 46 161 153 115 1.9643
347 84 47 186 140 0.4272
348 138 116 146 109 1.6914
349 34 68 169 127 0.8000
349 161 88 161 121 0.0637
350 23 79 227 170 3.0949
351 18 300 120 90 2.6660
351 0 60 120 90 1.0379
352 19 145 126 95 1.8041
353 80 126 133 99 1.1722
354 92 66 262 197 1.5173
355 47 93 186 140 1.6641
357 109 167 146 109 2.1635
358 11 151 216 162 1.7388
359 124 103 207 155 1.4428
359 0 42 120 90 0.2781
359 228 36 120 90 0.1981
360 69 41 276 207 1.7971
361 49 59 196 147 2.8195
362 9 97 177 133 2.1573
363 34 135 169 127 2.2342
363 216 60 120 90 0.0029
364 65 39 262 196 0.9742
364 132 174 120 90 0.4851
364 284 95 146 109 0.1986
364 233 113 161 121 0.0757
365 19 101 126 94 2.1082
365 168 88 146 109 0.0715
366 28 125 138 104 0.8310
366 318 84 120 90 0.5680
367 32 65 216 162 1.7064
368 111 42 139 104 2.6514
368 6 318 120 90 1.1492
369 30 106 303 228 2.4867
370 32 54 216 162 1.2254
370 290 26 132 99 0.1551
371 40 92 132 99 2.3034
372 56 112 187 140 1.8635
373 74 121 186 139 2.5951
374 12 84 120 90 0.8359
374 146 233 146 109 0.5384
375 21 76 138 104 2.3818
375 238 0 132 99 0.2452
376 58 131 146 109 2.5465
377 113 88 250 188 0.8625
378 32 151 215 162 1.2225
378 204 54 120 90 0.1285
379 33 87 217 163 1.7249
380 64 48 318 238 0.8759
380 277 112 132 99 0.0993
382 59 178 169 127 2.8636
383 33 92 132 99 2.4540
384 65 108 216 162 1.6651
385 71 95 238 178 1.5205
385 36 24 120 90 0.0647
386 222 340 139 104 0.1321
387 44 115 177 133 2.2065
388 18 102 120 90 1.9200
388 0 324 120 90 0.2786
389 28 7 139 104 1.3173
389 99 119 132 99 0.9041
389 185 205 132 99 0.8595
389 220 107 126 94 0.6505
390 68 59 169 127 1.5994
390 299 15 146 109 0.1485
391 18 78 120 90 1.2153
392 18 102 120 90 2.2422
393 19 113 126 94 2.3632
394 8 85 169 127 0.8151
395 14 146 139 104 2.2527
396 24 144 120 90 1.2214
397 42 204 120 90 1.8199
397 310 0 132 99 0.1831
398 23 84 153 115 2.1615
398 262 0 146 109 0.0756
398 184 38 153 115 0.0447
399 18 80 177 133 2.6893
400 18 168 120 90 3.0352
401 101 107 126 94 1.4779
402 95 48 238 178 0.2454
402 12 96 120 90 0.1222
403 75 56 187 140 2.5256
404 144 271 169 127 0.3207
404 88 206 196 147 0.0819
406 92 52 262 197 1.4014
406 104 166 138 104 0.0119
407 25 201 126 94 2.9933
407 193 147 227 170 0.4789
408 68 68 226 170 1.8084
409 52 26 262 197 1.9920
410 68 215 195 147 1.9877
410 44 73 146 110 1.2977
412 13 157 126 94 1.8082
412 6 60 120 90 1.4437
412 127 0 169 127 0.8208
413 0 54 217 163 0.0811
413 229 407 169 127 0.0127
415 46 107 153 115 1.0831
416 97 160 139 104 2.3888
416 0 233 126 94 0.4143
417 18 78 120 90 1.3326
417 6 315 126 95 1.1599
418 12 108 120 90 1.8720
419 19 252 126 94 2.2542
419 18 72 120 90 1.6670
420 57 120 126 94 0.7845
421 68 214 226 169 2.0346
422 0 35 177 133 2.3612
422 245 17 169 127 1.0085
422 29 204 146 109 0.9256
422 244 224 132 99 0.9227
422 101 227 126 94 0.5759
423 86 125 132 99 1.1533
424 12 210 120 90 2.5587
425 159 80 177 133 1.3645
427 30 90 120 90 1.3765
428 0 96 120 90 1.5502
429 6 294 120 90 1.7757
429 54 90 120 90 1.0395
429 164 19 126 94 0.0318
430 8 8 161 121 0.0370
431 31 191 153 115 2.2408
433 97 129 161 121 0.8238
434 80 96 161 121 1.9224
435 18 72 120 90 0.7446
435 12 246 120 90 0.4779
436 50 38 250 188 2.3076
436 210 108 120 90 0.0413
437 33 53 132 99 2.1433
437 16 193 161 121 1.8437
438 22 175 146 109 2.8134
439 12 120 120 90 2.0037
440 56 64 160 120 2.0983
440 22 248 146 109 1.9324
441 26 26 132 99 2.6475
441 19 176 126 94 2.1352
441 36 324 120 90 2.0182
442 65 86 216 162 1.3127
443 32 145 161 121 1.6993
443 270 204 120 90 0.2499
444 54 122 153 115 1.7970
445 75 37 249 187 1.2869
446 18 108 120 90 1.5934
447 45 91 227 170 2.3535
448 25 88 126 94 2.0401
449 36 78 120 90 1.7775
449 211 0 132 99 0.1519
450 44 189 146 109 0.6078
453 0 108 120 90 2.5065
454 107 48 238 178 0.8181
455 0 79 226 169 1.8798
456 186 338 133 99 0.2935
457 8 107 153 115 1.6130
458 60 234 120 90 1.7922
460 66 162 120 90 1.9334
461 0 75 252 189 1.3074
462 113 124 226 170 1.3027
464 42 84 120 90 0.9751
464 0 222 120 90 0.3931
465 34 91 226 170 1.3541
465 170 132 126 94 0.3147
466 14 159 289 217 1.7988
467 44 233 126 94 0.8583
467 195 115 177 133 0.3038
467 216 222 120 90 0.0068
469 19 126 126 94 1.1413
470 78 144 120 90 1.8347
470 42 55 138 104 0.2907
471 6 132 126 94 2.2169
472 13 88 126 94 1.3936
473 13 151 126 94 1.9400
476 72 258 120 90 1.3537
478 18 78 120 90 1.6381
478 12 258 120 90 1.0779
480 24 54 120 90 2.1296
480 84 192 120 90 1.2224
480 76 309 126 95 0.6201
481 26 152 132 99 2.0481
482 48 108 120 90 1.5918
483 14 96 275 206 1.4037
484 39 59 196 147 1.5255
485 299 262 146 109 0.0140
486 32 321 126 95 0.7401
486 96 324 120 90 0.7281
488 11 23 226 169 2.4324
488 119 291 132 99 0.1629
489 61 61 205 154 0.3623
489 132 174 120 90 0.1181
490 145 220 126 94 1.3784
491 33 40 132 99 0.4838
492 48 90 120 90 0.2354
493 51 84 169 127 1.7551
494 48 96 161 121 0.7660
495 36 71 238 178 2.3432
496 52 52 262 197 1.1561
496 0 36 120 90 0.1674
497 18 89 177 133 1.5765
498 7 174 139 104 1.9970
499 60 80 133 99 1.3589
500 84 102 120 90 2.3131
500 190 47 237 178 0.0368
